9194
9197
9462
9189
9130
9181
9159
9163
9183
30666
9414
9463
9190
9451
20482
20443
20444
9179
20492
20493
20494
20495
9397
9394
9392
8008
9454
9184
9131
9449
9185
9455
9193
9464
20464
20465
20470
20472
9440
9182
9448
20481
9307
20453
20454
20455
20456
20457
20458
9188
9304
9385
9398
9126
9302
9300
20460
20462
20463
9128
9156
9465
9137
8013
9198
9467
9301
9306
9161
9187
9308
9447
9450
20480
20485
20486
30667
30668
9399
9124
9180
9305
9196
9134
20476
20477
20478
20479
9445
9129
9192
20466
20467
20469
20473
9453
20474
20475
9191
9199
9195
9162
20483
20484
20489
20490
20491
